LRSC SINGLE-STEP SPECTRAL CERTIFICATE v1.0
M=99 k_idx=49 theta=0.08 A=0.50 channels=50
N_act = 81
closure_error = 2.3808015585084204e-16
1 (49,) 0.024191796924432525 FAIL
2 (48, 49) 0.021715391412619335 FAIL
3 (0, 1, 49) 0.0085289394024134109 FAIL
4 (0, 1, 48, 49) 0.0025003114814419855 FAIL
5 (0, 1, 3, 48, 49) 0.0024131939785667989 FAIL
6 (0, 1, 46, 47, 48, 49) 0.0018745070795454781 FAIL
7 (0, 1, 45, 46, 47, 48, 49) 0.001735356145187642 FAIL
8 (0, 1, 44, 45, 46, 47, 48, 49) 0.001302595868239026 FAIL
9 (0, 1, 43, 44, 45, 46, 47, 48, 49) 0.0011898947351241024 FAIL
10 (0, 1, 42, 43, 44, 45, 46, 47, 48, 49) 0.0010398206190990441 FAIL
11 (0, 1, 3, 42, 43, 44, 45, 46, 47, 48, 49) 0.00096236912766441347 PASS
THRESHOLD BRACKET VERIFIED: K10 fails, K11 passes.
